0011111010
0100000010
0100001001
0100010001
0100011000
0100100000
0100100111
0100101110
0100110101
0100111101
0101000100
0101001011
0101010010
0101011001
0101100000
0101100111
0101101110
0101110101
0101111100
0110000011
0110001010
0110010001
0110011000
0110011110
0110100101
0110101100
0110110010
0110111001
0110111111
0111000110
0111001100
0111010010
0111011001
0111011111
0111100101
0111101011
0111110010
0111111000
0111111110
1000000100
1000001010
1000001111
1000010101
1000011011
1000100001
1000100111
1000101100
1000110010
1000110111
1000111101
1001000010
1001001000
1001001101
1001010011
1001011000
1001011101
1001100010
1001100111
1001101100
1001110001
1001110110
1001111011
1010000000
1010000101
1010001010
1010001111
1010010011
1010011000
1010011101
1010100001
1010100110
1010101010
1010101111
1010110011
1010110111
1010111100
1011000000
1011000100
1011001000
1011001100
1011010000
1011010100
1011011000
1011011100
1011100000
1011100100
1011101000
1011101011
1011101111
1011110011
1011110110
1011111010
1011111110
1100000001
1100000101
1100001000
1100001011
1100001111
1100010010
1100010101
1100011000
1100011100
1100011111
1100100010
1100100101
1100101000
1100101011
1100101110
1100110001
1100110100
1100110111
1100111001
1100111100
1100111111
1101000010
1101000100
1101000111
1101001010
1101001100
1101001111
1101010001
1101010100
1101010110
1101011001
1101011011
1101011101
1101100000
1101100010
1101100100
1101100110
1101101001
1101101011
1101101101
1101101111
1101110001
1101110011
1101110101
1101110111
1101111001
1101111011
1101111101
1101111111
1110000001
1110000011
1110000100
1110000110
1110001000
1110001010
1110001011
1110001101
1110001111
1110010001
1110010010
1110010100
1110010101
1110010111
1110011000
1110011010
1110011011
1110011101
1110011110
1110100000
1110100001
1110100011
1110100100
1110100101
1110100111
1110101000
1110101001
1110101011
1110101100
1110101101
1110101110
1110110000
1110110001
1110110010
1110110011
1110110100
1110110101
1110110110
1110111000
1110111001
1110111010
1110111011
1110111100
1110111101
1110111110
1110111111
1111000000
1111000001
1111000010
1111000011
1111000011
1111000100
1111000101
1111000110
1111000111
1111001000
1111001001
1111001010
1111001010
1111001011
1111001100
1111001101
1111001101
1111001110
1111001111
1111010000
1111010000
1111010001
1111010010
1111010011
1111010011
1111010100
1111010101
1111010101
1111010110
1111010110
1111010111
1111011000
1111011000
1111011001
1111011010
1111011010
1111011011
1111011011
1111011100
1111011100
1111011101
1111011101
1111011110
1111011110
1111011111
1111011111
1111100000
1111100000
1111100001
1111100001
1111100010
1111100010
1111100011
1111100011
1111100100
1111100100
1111100100
1111100101
1111100101
1111100110
1111100110
1111100110
1111100111
1111100111
1111101000
1111101000
1111101000
1111101001
1111101001
1111101001
1111101010
1111101010
1111101010
1111101011
1111101011
1111101011
1111101100
1111101100
1111101100
1111101101
1111101101
1111101101
1111101101
1111101110
1111101110
1111101110
1111101110
1111101111
1111101111
1111101111
1111101111
1111110000
1111110000
1111110000
1111110000
1111110001
1111110001
1111110001
1111110001
1111110010
1111110010
1111110010
1111110010
1111110010
1111110011
1111110011
1111110011
1111110011
1111110011
1111110100
1111110100
1111110100
1111110100
1111110100
1111110100
1111110101
1111110101
1111110101
1111110101
1111110101
1111110101
1111110110
1111110110
1111110110
1111110110
1111110110
1111110110
1111110110
1111110111
1111110111
1111110111
1111110111
1111110111
1111110111
1111110111
1111111000
1111111000
1111111000
1111111000
1111111000
1111111000
1111111000
1111111000
1111111000
1111111001
1111111001
1111111001
1111111001
1111111001
1111111001
1111111001
1111111001
1111111001
1111111001
1111111010
1111111010
1111111010
1111111010
1111111010
1111111010
1111111010
1111111010
1111111010
1111111010
1111111010
1111111011
1111111011
1111111011
1111111011
1111111011
1111111011
1111111011
1111111011
1111111011
1111111011
1111111011
1111111011
1111111011
1111111011
1111111011
1111111100
1111111100
1111111100
1111111100
1111111100
1111111100
1111111100
1111111100
1111111100
1111111100
1111111100
1111111100
1111111100
1111111100
1111111100
1111111100
1111111100
1111111100
1111111101
1111111101
1111111101
1111111101
1111111101
1111111101
1111111101
1111111101
1111111101
1111111101
1111111101
1111111101
1111111101
1111111101
1111111101
1111111101
1111111101
1111111101
1111111101
1111111101
1111111101
1111111101
1111111101
1111111101
1111111101
1111111101
1111111110
1111111110
1111111110
1111111110
1111111110
1111111110
1111111110
1111111110
1111111110
1111111110
1111111110
1111111110
1111111110
1111111110
1111111110
1111111110
1111111110
1111111110
1111111110
1111111110
1111111110
1111111110
1111111110
1111111110
1111111110
1111111110
1111111110
1111111110
1111111110
1111111110
1111111110
1111111110
1111111110
1111111110
1111111110
1111111110
1111111110
1111111110
1111111110
1111111110
1111111110
1111111110
1111111110
1111111110
1111111111
1111111111
1111111111
1111111111
1111111111
1111111111
1111111111
1111111111
1111111111
1111111111
1111111111
1111111111
1111111111
1111111111
1111111111
1111111111
1111111111
1111111111
1111111111
1111111111
1111111111
1111111111
1111111111
1111111111
1111111111
1111111111
1111111111
1111111111
1111111111
1111111111
1111111111
1111111111
1111111111
1111111111
1111111111
1111111111
1111111111
1111111111
1111111111
1111111111
1111111111
1111111111
1111111111
1111111111
1111111111
1111111111
1111111111
1111111111
1111111111
1111111111
1111111111
1111111111
1111111111
1111111111
1111111111
1111111111
